35.714000
61.978000
92.850000
102.640000
116.220000
138.870000
166.201000
187.882000
208.483000
232.258000
-----------
32.846000
49.005000
72.825000
96.556000
120.065000
146.644000
170.236000
192.781000
211.978000
235.015000
-----------
36.676000
62.964000
94.301000
106.104000
118.240000
141.137000
168.642000
190.771000
211.129000
235.007000
-----------
33.509000
62.094000
92.755000
123.839000
134.744000
139.420000
167.484000
185.646000
208.687000
232.674000
-----------
35.702000
63.260000
94.707000
99.574000
118.449000
142.242000
169.754000
189.845000
213.992000
236.800000
-----------
36.941000
64.661000
94.054000
106.657000
117.382000
142.622000
168.684000
188.165000
211.425000
234.727000
-----------
35.918000
61.659000
92.516000
104.117000
115.352000
138.321000
165.523000
187.289000
207.843000
232.881000
-----------
29.576000
50.582000
70.917000
94.620000
117.566000
141.405000
165.381000
191.052000
212.848000
234.674000
-----------
29.125000
47.781000
70.100000
93.230000
116.458000
139.574000
163.984000
190.947000
207.807000
231.647000
-----------
33.176000
62.118000
92.963000
109.838000
118.984000
141.608000
168.423000
185.957000
210.399000
235.149000
-----------
30.428000
48.071000
70.764000
94.368000
117.161000
140.462000
166.131000
190.050000
210.666000
234.564000
-----------
28.964000
47.904000
70.140000
94.430000
117.080000
140.681000
164.634000
191.750000
209.883000
232.179000
-----------
34.033000
61.627000
91.765000
92.555000
115.209000
138.303000
163.625000
185.652000
207.488000
229.789000
-----------
36.674000
62.492000
93.533000
113.254000
117.182000
140.627000
163.976000
191.428000
212.271000
232.836000
-----------
28.878000
47.870000
70.301000
94.414000
116.891000
140.760000
165.863000
191.128000
209.699000
234.023000
-----------
28.404000
47.823000
70.500000
94.353000
118.184000
140.280000
163.048000
187.279000
212.110000
234.300000
-----------
33.767000
62.277000
93.182000
103.049000
117.129000
140.720000
167.559000
188.512000
210.879000
232.653000
-----------
34.167000
63.168000
85.686000
94.544000
118.545000
142.178000
165.597000
188.218000
212.988000
239.094000
-----------
27.712000
47.252000
69.658000
91.832000
116.048000
139.459000
162.650000
187.802000
208.942000
230.259000
-----------
36.963000
62.883000
94.221000
96.670000
117.834000
144.073000
165.187000
188.322000
212.722000
235.856000
-----------
32.324000
62.294000
83.414000
93.278000
115.768000
139.794000
167.383000
188.256000
210.027000
233.032000
-----------
33.882000
62.297000
93.353000
105.506000
117.113000
140.186000
163.313000
186.213000
210.442000
233.500000
-----------
26.361000
48.878000
72.466000
94.245000
118.098000
140.700000
167.474000
192.346000
214.845000
236.090000
-----------
34.630000
61.947000
92.766000
107.980000
116.279000
139.212000
162.531000
185.522000
208.465000
232.319000
-----------
34.442000
62.996000
94.268000
100.334000
119.695000
142.853000
169.578000
190.430000
212.734000
235.780000
-----------
30.483000
48.231000
70.790000
93.746000
117.513000
142.250000
167.465000
192.001000
210.885000
233.985000
-----------
