34.257000
63.502000
92.257000
95.118000
119.648000
142.054000
166.269000
193.648000
212.796000
236.848000
-----------
38.684000
63.912000
93.010000
98.843000
120.819000
142.990000
166.469000
190.522000
213.244000
240.666000
-----------
34.245000
62.796000
94.055000
106.890000
120.596000
141.267000
165.506000
188.145000
211.865000
237.535000
-----------
36.651000
63.035000
94.430000
98.875000
120.323000
142.442000
165.883000
189.362000
212.635000
238.934000
-----------
34.634000
63.705000
95.419000
102.046000
119.328000
142.548000
167.246000
195.460000
214.033000
238.668000
-----------
34.745000
64.027000
95.836000
107.494000
121.094000
142.989000
167.363000
192.166000
215.657000
242.835000
-----------
36.500000
62.495000
93.584000
104.171000
118.423000
140.870000
165.200000
190.247000
214.405000
234.499000
-----------
36.912000
63.282000
91.472000
98.556000
119.483000
142.115000
165.334000
189.427000
212.839000
240.112000
-----------
35.783000
63.971000
94.560000
99.215000
121.134000
143.345000
167.553000
191.007000
215.582000
242.986000
-----------
33.381000
63.288000
86.080000
99.121000
120.231000
141.783000
167.677000
189.329000
212.239000
245.610000
-----------
37.053000
63.407000
94.894000
109.793000
119.584000
141.644000
167.638000
190.046000
213.012000
240.756000
-----------
39.079000
63.244000
94.707000
103.645000
121.892000
142.232000
166.610000
190.264000
212.482000
240.533000
-----------
33.796000
62.470000
93.655000
106.310000
118.147000
141.336000
163.574000
189.615000
210.738000
238.811000
-----------
35.646000
63.866000
95.553000
102.124000
119.578000
143.941000
169.978000
194.054000
214.356000
239.929000
-----------
36.216000
62.834000
93.071000
97.904000
118.733000
140.630000
164.380000
187.442000
210.851000
238.093000
-----------
33.545000
62.490000
92.498000
94.532000
120.642000
140.959000
163.425000
187.178000
211.173000
235.378000
-----------
34.815000
63.595000
95.280000
100.278000
119.084000
142.514000
166.615000
189.748000
213.611000
240.850000
-----------
34.967000
63.970000
95.861000
98.150000
122.325000
143.673000
167.379000
191.229000
215.123000
241.744000
-----------
35.377000
62.634000
93.854000
98.499000
119.699000
140.297000
163.849000
187.055000
210.453000
236.448000
-----------
34.990000
63.682000
95.228000
113.369000
121.571000
142.435000
166.789000
189.930000
213.147000
240.122000
-----------
33.752000
62.858000
94.181000
105.568000
118.822000
140.746000
165.307000
187.181000
210.880000
237.901000
-----------
36.331000
62.820000
94.098000
109.218000
119.700000
141.432000
165.638000
188.634000
213.013000
238.263000
-----------
34.731000
62.048000
92.806000
107.005000
116.906000
139.089000
162.850000
188.828000
213.033000
232.920000
-----------
35.119000
63.131000
86.492000
97.451000
120.006000
141.824000
166.739000
189.639000
211.981000
240.030000
-----------
35.884000
63.820000
95.580000
98.612000
119.570000
146.602000
167.358000
191.162000
214.078000
237.920000
-----------
35.254000
63.747000
95.356000
103.999000
119.222000
143.218000
166.661000
191.056000
213.815000
239.888000
-----------
